              precision    recall  f1-score   support

       akiec     0.7660    0.7347    0.7500        49
         bcc     0.6796    0.9091    0.7778        77
         bkl     0.7244    0.6848    0.7040       165
          df     0.6316    0.7059    0.6667        17
         mel     0.6000    0.7186    0.6540       167
          nv     0.9424    0.8946    0.9179      1006
        vasc     0.8261    0.8636    0.8444        22

    accuracy                         0.8450      1503
   macro avg     0.7386    0.7873    0.7593      1503
weighted avg     0.8560    0.8450    0.8485      1503
