              precision    recall  f1-score   support

       akiec     0.5273    0.5918    0.5577        49
         bcc     0.7534    0.7143    0.7333        77
         bkl     0.6524    0.6485    0.6505       165
          df     0.6667    0.4706    0.5517        17
         mel     0.3466    0.8323    0.4894       167
          nv     0.9677    0.7455    0.8422      1006
        vasc     0.6957    0.7273    0.7111        22

    accuracy                         0.7345      1503
   macro avg     0.6585    0.6758    0.6480      1503
weighted avg     0.8314    0.7345    0.7619      1503
