              precision    recall  f1-score   support

       akiec     0.7250    0.5918    0.6517        49
         bcc     0.6768    0.8701    0.7614        77
         bkl     0.6349    0.7273    0.6780       165
          df     0.6154    0.4706    0.5333        17
         mel     0.5179    0.6946    0.5934       167
          nv     0.9466    0.8628    0.9028      1006
        vasc     0.8571    0.8182    0.8372        22

    accuracy                         0.8157      1503
   macro avg     0.7105    0.7193    0.7082      1503
weighted avg     0.8386    0.8157    0.8231      1503
